local library = loadstring(game:HttpGet("https://pastebin.com/raw/qwdPKKDN"))()
local venyx = library.new("FrozeHub, Dahood", 5013109572)

-- themes
local themes = {
Background = Color3.fromRGB(24, 24, 24),
Glow = Color3.fromRGB(0, 0, 0),
Accent = Color3.fromRGB(10, 10, 10),
LightContrast = Color3.fromRGB(20, 20, 20),
DarkContrast = Color3.fromRGB(14, 14, 14),  
TextColor = Color3.fromRGB(255, 255, 255)
}

-- first page
local page = venyx:addPage("Stuff", 5012544693)
local section1 = page:addSection("Aimlock")
local section2 = page:addSection("Misc")
section1:addToggle("Enable(B)", nil, function(value)
print("Enabled", value)
-- thusky old lock
local CC = game:GetService"Workspace".CurrentCamera
    local Plr
    local enabled = falseWD
    local accomidationfactor = 0.1321412312412412
    local mouse = game.Players.LocalPlayer:GetMouse()
    local placemarker = Instance.new("Part", game.Workspace)

    function makemarker(Parent, Adornee, Color, Size, Size2)
        local e = Instance.new("BillboardGui", Parent)
        e.Name = "PP"
        e.Adornee = Adornee
        e.Size = UDim2.new(Size, Size2, Size, Size2)
        e.AlwaysOnTop = true
        local a = Instance.new("Frame", e)
        a.Size = UDim2.new(1, 0, 1, 0)
        a.BackgroundTransparency = 0
        a.BackgroundColor3 = Color
        local g = Instance.new("UICorner", a)
        g.CornerRadius = UDim.new(50, 50)
        return(e)
    end

    
    local data = game.Players:GetPlayers()
    function noob(player)
        local character
        repeat wait() until player.Character
        local handler = makemarker(guimain, player.Character:WaitForChild("HumanoidRootPart"), Color3.fromRGB(107, 184, 255), 0.3, 3)
        handler.Name = player.Name
        player.CharacterAdded:connect(function(Char) handler.Adornee = Char:WaitForChild("HumanoidRootPart") end)


        spawn(function()
            while wait() do
                if player.Character then
                    TextLabel.Text = player.Name..tostring(player:WaitForChild("leaderstats").Wanted.Value).." | "..tostring(math.floor(player.Character:WaitForChild("Humanoid").Health))
                end
            end
        end)
    end

    for i = 1, #data do
        if data[i] ~= game.Players.LocalPlayer then
            noob(data[i])
        end
    end

    game.Players.PlayerAdded:connect(function(Player)
        noob(Player)
    end)

    spawn(function()
        placemarker.Anchored = true
        placemarker.CanCollide = false
        placemarker.Size = Vector3.new(8, 8, 8)
        placemarker.Transparency = 0.75
        makemarker(placemarker, placemarker, Color3.fromRGB(82, 112, 234), 0.40, 0)
    end)    

mouse.KeyDown:Connect(function(k)
    if k ~= "b" then return end
    if enabled then
        enabled = false
        guimain[Plr.Name].Frame.BackgroundColor3 = Color3.fromRGB(255, 255, 255)
    else
        enabled = true 
        Plr = getClosestPlayerToCursor()
        guimain[Plr.Name].Frame.BackgroundColor3 = Color3.fromRGB(255, 0, 0)
    end    
end)

    function getClosestPlayerToCursor()
        local closestPlayer
        local shortestDistance = math.huge

        for i, v in pairs(game.Players:GetPlayers()) do
            if v ~= game.Players.LocalPlayer and v.Character and v.Character:FindFirstChild("Humanoid") and v.Character.Humanoid.Health ~= 0 and v.Character:FindFirstChild("HumanoidRootPart") then
                local pos = CC:WorldToViewportPoint(v.Character.PrimaryPart.Position)
                local magnitude = (Vector2.new(pos.X, pos.Y) - Vector2.new(mouse.X, mouse.Y)).magnitude
                if magnitude < shortestDistance then
                    closestPlayer = v
                    shortestDistance = magnitude
                end
            end
        end
        return closestPlayer
    end

    game:GetService"RunService".Stepped:connect(function()
        if enabled and Plr.Character and Plr.Character:FindFirstChild("HumanoidRootPart") then
            placemarker.CFrame = CFrame.new(Plr.Character.HumanoidRootPart.Position+(Plr.Character.HumanoidRootPart.Velocity*accomidationfactor))
        else
            placemarker.CFrame = CFrame.new(0, 9999, 0)
        end
    end)

    local mt = getrawmetatable(game)
    local old = mt.__namecall
    setreadonly(mt, false)
    mt.__namecall = newcclosure(function(...)
        local args = {...}
        if enabled and getnamecallmethod() == "FireServer" and args[2] == "UpdateMousePos" then
            args[3] = Plr.Character.HumanoidRootPart.Position+(Plr.Character.HumanoidRootPart.Velocity*accomidationfactor)
            return old(unpack(args))
        end
        return old(...)
    end)
end)

section2:addSlider("Speed", 19, 0, 200, function(value)
print("Dragged", value)
game.Players.LocalPlayer.Character.Humanoid.WalkSpeed = value
end)
section2:addSlider("Fov", 50, 0, 200, function(value)
print("Dragged", value)
local FovNumber = value --Enter your FOV number here
local Camera = workspace.CurrentCamera
Camera.FieldOfView = value
end)
local page = venyx:addPage("Teleports", 5012544693)
local section3 = page:addSection("TPS")
section3:addButton("Bank", function()
 game.Players.LocalPlayer.Character.HumanoidRootPart.CFrame = CFrame.new(-318.891174, 80.2145309, -257.177429, 0.0479469746, -5.14644114e-08, 0.998850107, -3.12971538e-09, 1, 5.16738901e-08, -0.998850107, -5.60372015e-09, 0.0479469746)
print("Clicked")
 game.Players.LocalPlayer.Character.HumanoidRootPart.CFrame = CFrame.new(-318.891174, 80.2145309, -257.177429, 0.0479469746, -5.14644114e-08, 0.998850107, -3.12971538e-09, 1, 5.16738901e-08, -0.998850107, -5.60372015e-09, 0.0479469746)
end)
section3:addButton("Rev Moutain", function()
print("Clicked")
game.Players.LocalPlayer.Character.HumanoidRootPart.CFrame = CFrame.new(-634.463135, 80.434761, -204.232559, -0.0190527271, -1.03574322e-07, -0.999818563, 4.36709335e-09, 1, -1.03676342e-07, 0.999818563, -6.3416179e-09, -0.0190527271)
end)
section3:addButton("Taco", function()
print("Clicked")
    game.Players.LocalPlayer.Character.HumanoidRootPart.CFrame = CFrame.new(707.502014, 139, -543.044739, -0.00318608154, -0.00102963799, 0.999993861, 0.000187970581, 0.999999464, 0.00103024102, -0.99999404, 0.00019125198, -0.00318560796)
end)
section3:addButton("DrumGun", function()
print("Clicked")
game.Players.LocalPlayer.Character.HumanoidRootPart.CFrame = CFrame.new(-80.8381271, 46.828949, -85.845993, 0.999289691, 4.71884114e-08, 0.0376862474, -4.71660684e-08, 1, -1.48225032e-09, -0.0376862474, -2.96314889e-10, 0.999289691)
end)
section3:addButton("Playground", function()
print("Clicked")
    game.Players.LocalPlayer.Character.HumanoidRootPart.CFrame = CFrame.new(-308.851196, 103.049866, -685.874817, 0.0775452703, 4.43633544e-05, -0.996988416, 4.02679916e-06, 1, 4.48105384e-05, 0.996988416, -7.48951334e-06, 0.0775452703)
end)
section3:addButton("Gastation", function()
print("Clicked")
 game.Players.LocalPlayer.Character.HumanoidRootPart.CFrame = CFrame.new(595.925171, 130.75, -346.41568, -0.0400748774, 7.26109022e-08, 0.999196708, 2.20863914e-08, 1, -7.17834538e-08, -0.999196708, 1.91919352e-08, -0.0400748774)
end)
local page = venyx:addPage("UIConfig", 5012544693)
local section4 = page:addSection("UI")
section4:addKeybind("Toggle Keybind", Enum.KeyCode.One, function()
print("Activated Keybind")
venyx:toggle()
end, function()
print("Changed Keybind")
end)
